decoder Accuracy
[[0.564 0.575 0.588 0.585 0.6  ]
 [0.558 0.582 0.59  0.58  0.584]
 [0.578 0.59  0.592 0.584 0.59 ]
 [0.581 0.585 0.579 0.576 0.58 ]
 [0.567 0.579 0.584 0.586 0.59 ]
 [0.591 0.58  0.592 0.595 0.591]
 [0.568 0.578 0.579 0.587 0.575]
 [0.554 0.577 0.576 0.559 0.564]
 [0.57  0.578 0.593 0.59  0.581]
 [0.555 0.575 0.562 0.583 0.588]
 [0.567 0.578 0.589 0.588 0.573]
 [0.552 0.579 0.6   0.559 0.564]
 [0.581 0.588 0.589 0.595 0.574]
 [0.574 0.587 0.583 0.594 0.576]
 [0.583 0.592 0.602 0.596 0.585]
 [0.58  0.582 0.588 0.577 0.577]
 [0.583 0.597 0.59  0.587 0.603]
 [0.569 0.582 0.588 0.571 0.586]
 [0.565 0.576 0.59  0.609 0.575]
 [0.577 0.578 0.569 0.568 0.575]
 [0.557 0.582 0.59  0.581 0.574]
 [0.539 0.582 0.57  0.566 0.593]]
encode LR Accuracy
[[0.567 0.586 0.585 0.589 0.588]
 [0.587 0.585 0.592 0.575 0.585]
 [0.582 0.599 0.585 0.59  0.579]
 [0.593 0.594 0.585 0.588 0.591]
 [0.578 0.591 0.588 0.588 0.583]
 [0.59  0.591 0.589 0.585 0.584]
 [0.567 0.585 0.581 0.605 0.595]
 [0.568 0.581 0.575 0.58  0.582]
 [0.575 0.583 0.586 0.583 0.587]
 [0.577 0.589 0.58  0.599 0.597]
 [0.579 0.587 0.6   0.59  0.589]
 [0.574 0.585 0.582 0.59  0.594]
 [0.587 0.586 0.588 0.592 0.593]
 [0.576 0.591 0.586 0.595 0.585]
 [0.591 0.583 0.601 0.585 0.574]
 [0.588 0.597 0.589 0.582 0.591]
 [0.589 0.595 0.589 0.587 0.585]
 [0.569 0.579 0.584 0.575 0.593]
 [0.576 0.576 0.586 0.603 0.579]
 [0.582 0.577 0.582 0.576 0.588]
 [0.593 0.592 0.565 0.585 0.578]
 [0.575 0.584 0.595 0.586 0.587]]
